5 min to hourly SRR                                         
 N  54 L   0 M   3
 0 0 0.06481482
 0 1 0.06432248 0.06286039 0.06047279 0.05723150 0.05323312 0.04859536
 0 2 0.04345254 0.03795050 0.03224122 0.02647725 0.02080629 0.01536611
 0 3 0.01027997 0.00565285 0.00156847 -0.00191271 -0.00475439 -0.00694445
 0 4 -0.00849382 -0.00943459 -0.00981725 -0.00970737 -0.00918182 -0.00832470
 0 5 -0.00722332 -0.00596424 -0.00462963 -0.00329419 -0.00202250 -0.00086722
 0 6 0.00013208 0.00094931 0.00157161 0.00199837 0.00223977 0.00231482
 0 7 0.00224920 0.00207289 0.00181778 0.00151551 0.00119542 0.00088298
 0 8 0.00059858 0.00035681 0.00016620 0.00002943 -0.00005604 -0.00009697
 0 9 -0.00010320 -0.00008623 -0.00005784 -0.00002880 -0.00000768 0.00000000
